132
125
100
101
99
109
104
104
89
132
110
121
122
128
137
96
124
105
119
124
135
116
128
101
121
124
131
115
116
88
111
116
102
125
107
109
97
118
109
119
112
112
99
123
118
99
111
120
113
119
110
107
98
90
130
109
109
96
97
107
130
91
104
149
116
99
112
112
106
120
102
95
107
104
107
98
97
96
106
119
111
112
99
110
117
120
110
97
103
100
112
98
93
101
141
106
116
121
121
120
107
90
110
123
114
121
104
101
120
143
124
119
109
119
94
97
107
100
115
87
87
108
132
117
131
91
109
108
103
130
99
94
107
131
132
119
112
109
121
114
99
115
127
132
126
106
107
97
138
129
129
111
112
118
114
105
114
132
113
113
118
118
112
120
118
120
107
115
107
111
113
115
98
99
121
127
103
125
128
144
116
88
146
126
121
113
111
120
141
130
122
129
124
113
129
114
108
105
152
162
110
129
130
115
138
144
120
108
120
140
123
119
107
112
104
119
93
103
110
111
122
141
120
133
123
100
108
128
139
113
98
105
106
110
137
142
118
111
132
130
113
107
105
120
108
117
102
88
105
128
103
109
97
92
101
108
114
127
116
99
115
109
109
101
101
119
111
104
90
98
115
101
112
113
108
114
118
115
100
119
114
112
127
107
121
126
137
115
106
104
112
109
97
111
143
164
132
116
130
123
124
105
102
141
137
107
117
127
133
134
118
105
108
137
131
116
101
111
137
132
112
119
105
142
127
112
118
114
148
105
123
100
113
97
94
100
103
147
119
131
112
97
127
117
115
98
114
124
100
113
122
118
134
125
123
96
98
106
100
101
97
109
110
113
126
122
117
123
113
105
107
110
107
119
104
109
125
126
131
99
105
112
108
131
120
109
119
118
112
106
107
147
111
123
97
110
122
125
131
124
101
98
113
120
103
119
151
148
117
108
103
112
130
97
108
100
120
118
101
114
97
111
131
100
129
99
106
100
134
132
135
98
95
103
112
112
91
119
104
109
106
107
116
111
127
115
107
109
114
133
111
116
130
139
163
132
123
140
130
158
113
125
108
128
120
145
126
146
115
158
130
121
123
119
103
108
116
127
117
102
105
112
121
113
113
140
114
113
104
109
106
115
128
127
134
150
127
115
102
99
112
110
96
98
100
110
109
110
105
104
126
109
112
112
104
108
100
121
104
103
117
112
112
98
105
131
144
107
105
105
109
112
100
117
115
121
99
115
115
104
101
114
82
101
117
113
108
111
135
120
120
119
112
111
125
127
108
137
101
92
100
104
142
96
93
115
102
113
120
129
100
119
102
123
101
111
111
113
115
114
102
103
107
103
105
99
107
118
152
110
120
100
111
104
108
109
109
92
109
124
118
112
97
94
101
107
117
110
146
125
115
121
137
145
128
128
125
109
108
104
116
145
120
110
110
127
117
125
128
114
119
122
98
131
133
116
132
106
137
127
95
130
108
106
121
124
135
173
150
128
132
136
132
126
118
128
128
117
106
100
113
132
124
101
103
119
126
131
108
121
117
120
118
124
107
104
158
111
104
122
127
112
155
143
128
107
126
118
126
120
119
103
111
109
118
113
98
113
129
102
117
146
99
128
118
115
87
127
134
140
152
129
94
90
115
108
82
107
101
112
112
103
96
138
119
135
137
159
135
155
117
122
129
117
136
96
117
115
111
121
119
145
145
111
119
92
118
140
110
112
117
170
105
116
99
110
126
113
129
94
119
103
133
105
120
117
142
138
104
119
126
108
129
93
108
100
105
116
176
137
122
132
133
166
145
100
126
125
133
122
119
111
114
130
128
124
110
128
137
139
139
98
119
138
141
104
149
129
129
135
104
137
112
124
109
111
127
110
141
127
135
131
116
119
120
134
137
114
152
155
135
121
112
107
115
129
136
128
129
133
128
127
116
111
107
118
111
109
127
137
119
127
119
120
126
130
121
118
113
121
121
107
102
95
138
129
108
113
126
82
100
140
107
103
98
116
124
93
110
110
112
88
136
141
101
102
117
117
169
112
108
120
169
139
128
101
117
141
150
129
107
87
78
128
152
125
125
109
92
131
130
100
100
100
100
117
122
118
120
145
117
126
140
127
138
123
128
113
113
130
139
139
110
97
117
134
90
99
99
94
158
200
171
121
96
111
121
113
93
133
100
100
101
143
103
126
132
122
110
128
104
104
109
109
103
116
115
114
109
146
117
172
145
134
105
110
111
115
143
106
117
122
96
96
106
121
109
135
119
112
112
99
88
109
109
121
115
132
127
110
105
127
110
144
146
128
128
127
135
96
117
121
118
128
102
89
143
119
128
132
147
106
116
115
111
119
129
147
139
116
136
144
138
123
113
103
107
113
122
109
146
99
111
127
87
82
117
126
131
136
146
120
104
160
112
103
103
122
128
128
127
127
142
109
115
136
146
104
119
90
114
115
108
128
121
105
163
129
108
131
111
111
99
105
92
111
87
106
132
99
110
112
120
95
97
103
117
100
107
102
120
115
124
100
96
88
125
123
129
106
105
133
113
133
118
146
136
126
134
97
115
120
96
150
108
94
125
152
172
113
102
101
97
108
124
107
122
99
102
99
115
99
127
138
171
148
137
130
119
136
187
130
136
126
127
130
124
117
115
128
107
116
101
104
105
123
129
158
123
126
130
117
112
111
102
131
104
103
96
103
120
112
108
118
105
125
112
119
103
110
107
111
121
119
107
104
117
123
140
101
118
116
113
119
104
113
134
120
120
100
108
115
91
123
116
121
106
111
112
115
97
108
130
114
115
108
131
139
136
103
110
133
130
115
107
113
128
107
104
115
105
111
121
126
133
104
101
109
123
103
116
124
101
102
122
114
89
124
142
105
117
106
120
117
119
128
102
105
115
134
113
147
97
142
124
93
123
127
137
99
113
124
102
90
101
133
122
115
112
114
110
133
96
98
120
103
103
82
116
97
92
118
114
145
141
105
100
104
92
123
133
139
177
129
111
120
103
125
136
161
163
133
103
114
123
146
144
152
126
99
108
119
138
133
134
127
112
147
105
117
110
123
177
188
199
126
130
143
138
121
142
129
141
113
106
112
156
140
146
130
117
112
116
142
141
143
116
129
123
135
125
125
116
102
130
169
145
98
113
111
110
122
82
89
101
111
109
126
122
96
110
140
138
137
111
104
116
133
88
85
98
145
102
120
123
115
93
88
101
87
108
111
138
104
124
110
130
113
95
123
126
139
124
107
120
124
148
145
127
109
122
102
121
140
147
143
110
105
94
115
116
152
131
98
122
161
161
141
138
160
133
117
116
125
138
107
107
128
116
110
136
113
150
116
92
109
115
123
100
97
125
137
159
144
105
105
87
116
130
120
102
102
112
111
102
102
140
116
133
112
99
135
128
134
123
116
123
114
132
116
112
129
98
125
108
97
124
133
118
117
108
110
136
119
119
100
110
119
117
119
87
117
136
124
99
100
101
136
165
130
108
103
121
120
114
150
132
110
112
120
110
118
135
139
90
90
126
140
97
99
147
100
99
118
156
187
172
92
122
112
124
103
122
137
94
94
121
104
107
123
153
147
110
117
107
96
105
110
97
123
102
99
112
110
105
87
122
108
104
133
122
120
92
106
127
93
128
123
95
122
133
111
117
112
135
134
121
149
146
136
130
145
115
98
103
179
91
117
136
103
118
117
128
118
128
133
118
123
116
115
116
143
134
132
123
124
134
108
123
114
105
120
99
144
94
108
128
107
144
83
111
74
116
155
152
125
138
154
150
131
128
116
100
100
97
94
131
110
132
110
110
88
101
125
119
107
117
122
107
107
90
105
106
113
107
123
129
106
106
106
101
103
105
114
134
92
98
104
124
98
100
89
99
129
120
104
129
113
131
128
94
128
95
95
114
114
98
100
115
92
111
88
79
104
135
123
113
125
119
120
120
107
108
124
132
115
134
103
105
113
102
165
123
96
89
104
103
161
117
113
93
85
124
