64
67
72
67
77
82
92
81
97
90
77
76
85
91
74
89
76
75
73
86
89
80
80
90
72
75
76
71
77
79
67
76
85
72
72
78
84
69
74
84
68
79
68
68
71
73
72
65
69
70
65
72
65
71
66
62
64
69
66
78
66
73
65
67
72
80
61
66
64
65
69
65
73
66
67
70
70
69
63
68
74
64
75
58
64
68
69
71
59
64
70
67
73
62
67
61
63
59
62
65
61
72
62
66
71
68
71
65
72
73
69
64
64
64
66
77
60
65
66
70
70
76
65
67
66
62
73
61
68
73
61
76
64
65
66
65
68
61
64
73
59
64
60
66
65
63
69
61
63
64
65
74
61
66
71
62
68
59
66
71
66
65
63
66
68
65
66
67
73
67
62
71
64
70
67
69
74
63
66
60
62
76
60
62
75
58
65
63
70
68
66
76
63
60
64
72
56
67
64
69
57
69
60
69
77
58
56
70
60
67
70
62
68
60
72
79
64
72
61
71
66
70
58
63
63
67
72
59
67
66
59
73
61
65
69
67
62
70
60
66
66
62
70
61
66
77
61
71
71
60
66
70
61
72
70
62
66
67
64
67
60
64
64
57
70
62
63
63
65
68
59
66
68
63
68
62
65
62
66
66
62
70
65
68
60
69
64
61
66
64
64
62
64
67
63
72
63
65
63
65
71
67
64
60
57
68
72
66
63
68
71
69
70
59
62
69
72
67
62
66
75
72
69
66
65
74
70
69
65
71
54
71
62
63
67
65
71
64
65
71
73
76
63
65
66
67
75
66
68
71
69
67
62
67
69
66
67
62
72
70
61
70
63
71
64
66
63
73
66
64
66
64
68
67
64
62
60
65
67
67
68
62
71
71
60
68
60
70
65
71
60
63
72
65
73
66
64
73
64
63
67
65
75
71
73
74
65
65
76
66
64
78
66
72
64
64
75
67
66
63
66
87
62
81
64
65
66
77
67
64
62
70
65
70
77
80
69
64
75
72
72
68
61
75
66
70
71
66
81
73
75
71
66
90
79
66
69
72
85
67
73
92
67
83
79
69
85
68
79
71
80
81
66
63
75
79
79
71
80
84
80
77
85
84
85
85
81
80
67
63
79
82
73
73
79
69
78
74
86
85
68
80
78
67
82
70
74
67
80
74
77
83
82
76
67
80
65
82
74
69
71
73
74
76
64
80
66
67
72
70
64
74
80
82
65
80
81
64
83
75
83
68
78
83
75
68
88
88
67
69
77
64
73
80
68
76
65
70
82
69
93
80
74
86
88
65
85
62
77
64
79
84
83
67
86
73
82
90
75
76
78
83
81
81
84
78
64
78
69
80
65
75
68
78
73
83
69
78
68
66
68
68
83
67
85
76
93
81
72
80
67
84
69
62
65
65
66
78
67
77
72
65
64
70
62
74
89
65
63
65
65
74
85
64
75
82
64
85
61
64
61
64
63
72
72
67
64
75
65
59
62
71
56
63
59
66
71
66
68
63
64
70
64
64
79
65
62
63
76
67
63
65
81
63
71
64
65
79
76
61
63
80
66
64
64
76
65
66
68
66
60
59
70
72
74
65
81
69
66
84
71
67
80
66
70
61
66
72
76
71
65
64
82
75
61
62
79
66
73
64
67
78
72
63
63
73
86
75
72
69
65
87
67
72
62
64
75
69
63
65
93
66
66
65
60
64
83
64
63
70
63
73
71
68
68
69
62
64
69
86
62
61
69
78
61
69
59
63
73
64
61
56
64
79
69
73
67
61
73
65
72
58
61
63
61
81
69
60
61
64
65
78
64
59
60
67
81
66
69
64
70
73
65
55
61
73
61
61
92
63
65
68
73
62
64
62
58
61
60
59
63
62
74
60
59
59
58
60
58
65
61
67
76
66
80
64
60
58
58
60
61
57
60
66
75
63
66
61
63
53
57
59
56
61
62
61
62
70
76
65
65
62
64
69
70
66
68
71
67
65
71
65
61
66
65
66
64
65
69
69
64
69
73
61
60
67
71
71
68
68
67
71
66
60
62
62
75
67
67
67
62
66
67
72
66
61
61
64
66
67
64
68
68
65
65
65
66
67
65
65
67
69
71
72
61
58
60
61
73
67
69
69
65
61
78
66
68
72
72
59
59
72
60
65
72
65
60
60
65
66
69
69
64
73
76
64
69
68
61
71
69
69
67
67
67
67
67
66
68
67
61
64
61
68
71
60
62
64
60
67
65
57
68
64
61
65
61
60
64
69
67
62
66
66
66
68
68
61
67
64
66
72
73
69
61
67
67
67
60
64
61
71
67
85
65
73
60
59
67
67
71
61
71
61
76
67
66
58
58
66
61
61
64
62
71
69
64
72
73
62
64
75
66
66
69
71
59
60
66
66
67
61
71
69
61
59
59
59
60
60
67
66
66
66
68
66
62
68
60
65
73
66
66
73
63
61
64
62
71
66
64
64
67
66
68
72
72
75
64
64
75
61
65
60
65
73
67
64
67
67
62
68
62
62
68
69
60
72
67
67
72
66
67
60
63
67
59
78
62
69
69
60
65
62
71
66
69
80
69
69
76
73
65
60
58
65
66
61
61
73
59
59
66
72
67
65
65
59
60
60
62
61
62
72
57
60
69
75
66
67
69
68
67
66
64
69
60
64
73
68
62
73
60
66
67
67
72
75
64
62
76
65
61
67
69
62
75
76
66
65
65
62
72
71
60
75
66
68
73
71
58
68
59
58
64
63
71
60
62
66
67
69
64
65
75
76
69
71
67
67
64
63
65
76
61
59
69
64
64
70
72
66
67
64
62
69
69
64
71
72
62
64
80
67
64
60
73
68
61
67
81
65
71
73
66
66
68
76
65
75
64
62
68
70
62
63
63
73
80
66
72
68
66
68
77
72
68
76
67
74
74
67
76
67
79
62
62
65
64
64
73
67
66
75
69
63
66
71
66
72
69
66
74
71
72
67
69
66
65
70
76
79
65
64
63
66
62
66
59
61
64
72
65
63
63
63
62
63
58
62
58
60
62
65
65
62
63
68
67
66
69
70
78
78
78
63
68
64
64
63
62
64
66
62
63
64
63
66
65
66
60
61
62
65
66
66
65
61
61
64
69
66
63
63
75
71
62
67
62
64
73
61
64
69
64
64
60
61
70
67
61
64
66
68
63
64
74
61
66
68
64
62
70
67
65
68
69
72
65
66
63
76
74
84
61
66
66
71
66
65
75
61
62
63
66
78
63
64
64
67
63
67
71
63
60
65
68
71
65
69
76
65
67
77
63
66
66
67
70
64
64
64
66
73
64
64
65
64
72
65
65
75
68
70
66
72
65
62
68
66
65
74
72
68
64
64
70
77
66
69
71
67
70
82
64
64
64
73
65
65
75
67
73
65
76
81
63
77
60
65
73
64
72
67
65
64
74
63
65
70
74
65
70
68
68
75
79
60
62
62
66
73
64
73
66
74
72
67
64
66
68
78
63
64
63
63
66
74
74
64
56
63
64
69
67
67
67
68
65
63
68
64
64
65
66
66
72
68
63
64
63
69
64
65
69
69
61
64
64
63
68
68
62
62
65
60
63
61
71
78
66
68
61
64
64
64
66
64
64
76
61
64
65
65
73
65
83
62
63
61
62
64
66
71
62
64
69
62
62
74
69
65
67
72
72
68
62
64
68
68
67
65
67
62
66
66
67
64
60
63
62
62
68
65
62
69
70
67
63
62
69
64
59
62
61
64
63
63
68
74
57
67
70
63
66
68
63
68
70
65
62
58
70
70
66
66
60
65
62
59
59
67
66
74
70
66
58
61
60
64
62
63
62
62
64
60
59
76
61
63
68
65
69
77
66
63
62
64
65
64
68
69
68
66
74
71
70
67
62
71
78
58
67
60
68
68
66
63
65
61
63
68
69
65
65
63
59
62
65
61
61
64
63
62
72
68
61
63
63
63
67
64
72
64
81
62
80
68
65
71
69
69
65
